(n,m)   2   3   4   5   6   7   8   9   10   11   
3   0.0692755   0.2017281   
4   0.0222509   0.0802873   0.1561194   
5   0.0093269   0.0357914   0.0793546   0.1268845   
6   0.0045752   0.0182255   0.0423311   0.0735587   0.107661   
7   0.0025306   0.0100914   0.0243165   0.0443359   0.0687161   0.0932133   
8   0.0015984   0.0063137   0.014617   0.0278708   0.0447452   0.0634405   0.0819463   
9   9.696E-4   0.0040765   0.0097005   0.0186254   0.0300959   0.044015   0.0585596   0.0743383   
10   6.811E-4   0.0026744   0.0065957   0.0124255   0.0206774   0.0308384   0.0420801   0.0545413   0.0668705   
11   4.899E-4   0.0018721   0.0044882   0.0090422   0.0148123   0.022286   0.0311643   0.0408591   0.0503569   0.0613431   
12   3.342E-4   0.0013642   0.0033852   0.0064593   0.0107132   0.0163404   0.0234942   0.0310147   0.0396651   0.0477989   
13   2.289E-4   9.748E-4   0.0024929   0.0047487   0.008274   0.0126641   0.0175246   0.0237193   0.0302911   0.0373699   
14   1.791E-4   7.692E-4   0.0018303   0.0037512   0.0060755   0.0092478   0.0135663   0.0181087   0.0235269   0.0299817   
15   1.306E-4   5.856E-4   0.0014659   0.0027469   0.0048829   0.0073025   0.0104638   0.0142911   0.0185987   0.0241509   
16   1.004E-4   4.331E-4   0.0011232   0.0023399   0.0038177   0.0058818   0.0084552   0.0116899   0.0150494   0.0194019   
17   7.86E-5   3.917E-4   8.996E-4   0.0017693   0.0031234   0.0047095   0.0069657   0.0095428   0.0118926   0.0156965   
18   6.49E-5   2.891E-4   7.15E-4   0.001409   0.0024653   0.0040271   0.0055666   0.0074441   0.0102117   0.0127745   
19   5.36E-5   2.435E-4   5.448E-4   0.001154   0.0019941   0.0030722   0.0046323   0.0062578   0.0081543   0.0106836   
20   5.25E-5   1.801E-4   4.773E-4   9.875E-4   0.0016299   0.0025973   0.0038169   0.0050555   0.0069931   0.0088338   
21   3.83E-5   1.553E-4   3.954E-4   7.52E-4   0.0013936   0.0020738   0.00314   0.0043958   0.0057863   0.0075013   
22   3.25E-5   1.371E-4   3.319E-4   7.163E-4   0.0011746   0.0018369   0.0026629   0.0036601   0.0048871   0.0064286   
23   2.46E-5   1.005E-4   2.822E-4   5.766E-4   0.0010045   0.0015731   0.0023618   0.0030898   0.004165   0.0054354   
24   2.24E-5   1.066E-4   2.667E-4   4.695E-4   8.362E-4   0.0013273   0.0018848   0.0026083   0.0035795   0.0048978   
25   1.76E-5   8.19E-5   1.924E-4   4.016E-4   7.256E-4   0.0011352   0.0016229   0.0024357   0.0031111   0.0038768   
26   1.64E-5   6.62E-5   1.916E-4   3.39E-4   6.426E-4   9.843E-4   0.0013541   0.0019848   0.0026085   0.0034965   
27   1.17E-5   5.73E-5   1.495E-4   3.153E-4   5.143E-4   8.884E-4   0.0012685   0.0017299   0.0023607   0.0029587   
28   1.02E-5   5.03E-5   1.323E-4   2.847E-4   4.524E-4   7.264E-4   0.0010854   0.0014778   0.002009   0.0028385   
29   1.02E-5   5.03E-5   1.085E-4   2.149E-4   4.182E-4   6.611E-4   9.388E-4   0.0013119   0.0018283   0.0023357   
30   8.9E-6   4.23E-5   1.04E-4   2.103E-4   3.594E-4   5.661E-4   8.466E-4   0.0011531   0.0015688   0.0020299   
31   1.04E-5   3.27E-5   7.85E-5   1.971E-4   3.15E-4   5.31E-4   7.481E-4   0.0010979   0.0015306   0.0019038   
32   6.6E-6   3.24E-5   8.93E-5   1.424E-4   2.824E-4   4.595E-4   6.076E-4   9.197E-4   0.0012612   0.0015833   
33   5.1E-6   2.69E-5   7.4E-5   1.402E-4   2.439E-4   3.419E-4   5.697E-4   8.095E-4   0.0011419   0.0014467   
34   5.3E-6   1.98E-5   7.14E-5   1.354E-4   2.29E-4   3.466E-4   4.977E-4   7.157E-4   0.0010552   0.0013607   
35   2.5E-6   1.74E-5   6.43E-5   1.327E-4   2.189E-4   3.732E-4   4.756E-4   6.685E-4   8.772E-4   0.0011819   
36   4.0E-6   1.75E-5   5.04E-5   1.133E-4   2.01E-4   2.65E-4   4.063E-4   5.682E-4   8.374E-4   0.0011508   
37   3.4E-6   1.62E-5   5.24E-5   1.055E-4   1.71E-4   2.341E-4   3.588E-4   5.425E-4   7.048E-4   9.298E-4   
38   4.6E-6   1.45E-5   4.62E-5   8.43E-5   1.286E-4   2.257E-4   3.142E-4   4.078E-4   6.376E-4   8.549E-4   
39   3.3E-6   1.68E-5   3.87E-5   7.52E-5   1.72E-4   2.143E-4   2.897E-4   4.34E-4   5.963E-4   7.842E-4   
40   3.7E-6   1.15E-5   4.12E-5   7.88E-5   1.356E-4   1.913E-4   3.131E-4   3.761E-4   6.002E-4   6.443E-4   
41   3.7E-6   9.6E-6   3.7E-5   5.93E-5   1.273E-4   1.652E-4   2.727E-4   3.242E-4   4.931E-4   5.961E-4   
42   1.5E-6   1.24E-5   2.51E-5   5.8E-5   9.77E-5   1.599E-4   2.273E-4   3.674E-4   5.424E-4   5.829E-4   
43   3.1E-6   9.5E-6   2.34E-5   6.41E-5   1.031E-4   1.354E-4   2.042E-4   2.776E-4   3.738E-4   5.578E-4   
44   1.6E-6   7.8E-6   1.92E-5   5.09E-5   8.01E-5   1.309E-4   1.79E-4   2.721E-4   3.621E-4   5.521E-4   
45   3.1E-6   7.1E-6   2.42E-5   4.16E-5   7.48E-5   1.368E-4   1.537E-4   2.688E-4   3.568E-4   4.662E-4   
46   1.3E-6   1.17E-5   1.69E-5   3.96E-5   7.36E-5   1.065E-4   1.747E-4   2.564E-4   3.274E-4   4.605E-4   
47   1.1E-6   8.7E-6   1.61E-5   2.95E-5   7.86E-5   9.73E-5   1.506E-4   1.995E-4   3.043E-4   3.836E-4   
48   1.9E-6   6.5E-6   1.2E-5   3.6E-5   7.13E-5   8.22E-5   1.426E-4   2.351E-4   3.141E-4   3.816E-4   
49   1.5E-6   8.4E-6   1.59E-5   2.42E-5   5.14E-5   1.085E-4   1.205E-4   1.888E-4   2.644E-4   3.59E-4   
50   1.2E-6   4.6E-6   1.32E-5   3.55E-5   6.33E-5   8.33E-5   9.92E-5   2.007E-4   2.143E-4   2.774E-4   
51   4.0E-7   6.4E-6   1.48E-5   2.3E-5   3.87E-5   8.21E-5   9.62E-5   1.61E-4   2.265E-4   2.491E-4   
52   7.0E-7   3.5E-6   1.18E-5   2.99E-5   4.38E-5   5.73E-5   1.199E-4   1.759E-4   2.201E-4   2.793E-4   
53   7.0E-7   1.9E-6   7.4E-6   1.31E-5   3.52E-5   7.47E-5   8.48E-5   1.394E-4   1.806E-4   2.377E-4   
54   2.5E-6   3.6E-6   5.8E-6   2.15E-5   3.69E-5   5.67E-5   1.059E-4   1.218E-4   1.372E-4   2.177E-4   
55   5.0E-7   4.3E-6   5.9E-6   1.53E-5   3.01E-5   5.37E-5   7.62E-5   1.037E-4   1.771E-4   1.951E-4   
56   1.1E-6   1.0E-7   1.07E-5   1.85E-5   3.41E-5   5.84E-5   7.43E-5   1.162E-4   1.918E-4   1.847E-4   
57   1.0E-6   4.6E-6   3.7E-6   1.82E-5   3.14E-5   4.61E-5   6.04E-5   1.135E-4   1.371E-4   1.802E-4   
58   0.0   2.8E-6   9.4E-6   1.74E-5   2.02E-5   3.08E-5   7.48E-5   9.15E-5   1.236E-4   1.679E-4   
59   1.5E-6   3.6E-6   2.9E-6   1.14E-5   2.95E-5   5.27E-5   7.69E-5   9.07E-5   1.61E-4   1.79E-4   
60   6.0E-7   2.0E-6   5.5E-6   1.59E-5   1.85E-5   3.21E-5   8.34E-5   9.85E-5   1.063E-4   1.682E-4   
61   1.2E-6   1.3E-6   5.6E-6   1.09E-5   3.06E-5   3.9E-5   5.58E-5   7.03E-5   1.055E-4   1.23E-4   
62   4.0E-7   3.8E-6   6.7E-6   9.9E-6   2.54E-5   3.53E-5   6.07E-5   1.019E-4   9.39E-5   1.761E-4   
63   4.0E-7   8.0E-7   6.3E-6   1.92E-5   1.43E-5   4.02E-5   5.46E-5   7.38E-5   9.95E-5   1.288E-4   
64   2.0E-7   1.6E-6   4.1E-6   7.5E-6   2.55E-5   3.03E-5   4.04E-5   6.56E-5   9.33E-5   1.038E-4   
65   0.0   1.6E-6   2.6E-6   9.1E-6   1.57E-5   2.34E-5   3.56E-5   6.57E-5   7.73E-5   1.193E-4   
66   9.0E-7   2.5E-6   3.8E-6   9.5E-6   2.15E-5   2.34E-5   4.27E-5   5.95E-5   7.08E-5   1.086E-4   
67   2.0E-7   2.3E-6   5.3E-6   9.4E-6   1.54E-5   3.09E-5   4.47E-5   4.54E-5   5.28E-5   1.082E-4   
68   2.0E-7   6.0E-7   8.3E-6   6.7E-6   2.83E-5   2.34E-5   3.55E-5   4.08E-5   8.1E-5   7.18E-5   
69   4.0E-7   1.4E-6   3.8E-6   7.8E-6   2.05E-5   3.9E-5   4.13E-5   5.93E-5   3.84E-5   8.19E-5   
70   2.0E-7   1.5E-6   2.2E-6   8.0E-6   9.1E-6   1.79E-5   3.07E-5   6.11E-5   7.38E-5   9.47E-5   
71   7.0E-7   5.0E-7   4.1E-6   4.3E-6   9.5E-6   1.08E-5   3.69E-5   4.09E-5   6.17E-5   8.95E-5   
72   0.0   9.0E-7   2.8E-6   1.44E-5   7.1E-6   1.18E-5   1.93E-5   4.77E-5   5.43E-5   7.69E-5   
73   1.3E-6   4.0E-7   2.6E-6   3.4E-6   1.57E-5   2.31E-5   1.49E-5   3.24E-5   4.81E-5   7.4E-5   
74   1.0E-7   1.0E-6   2.4E-6   2.7E-6   1.14E-5   2.51E-5   2.16E-5   4.34E-5   6.21E-5   9.2E-5   
75   2.0E-7   1.0E-7   3.5E-6   5.0E-6   6.1E-6   1.46E-5   1.96E-5   3.96E-5   6.49E-5   8.18E-5   
76   2.0E-7   1.3E-6   3.1E-6   7.6E-6   7.2E-6   1.62E-5   3.28E-5   3.08E-5   4.7E-5   6.22E-5   
77   1.0E-7   3.0E-7   2.7E-6   2.0E-6   2.27E-5   1.34E-5   3.43E-5   4.75E-5   3.28E-5   6.98E-5   
78   0.0   1.3E-6   2.0E-7   2.3E-6   7.4E-6   1.55E-5   2.54E-5   3.35E-5   5.06E-5   5.79E-5   
79   8.0E-7   1.0E-6   4.0E-6   8.5E-6   1.05E-5   1.7E-5   2.48E-5   2.35E-5   6.37E-5   4.97E-5   
80   0.0   5.0E-7   2.6E-6   1.9E-6   1.1E-5   1.23E-5   2.05E-5   1.96E-5   3.07E-5   3.66E-5   
81   0.0   1.3E-6   1.6E-6   4.2E-6   6.8E-6   8.7E-6   1.46E-5   2.86E-5   6.14E-5   5.41E-5   
82   2.0E-7   7.0E-7   3.3E-6   3.8E-6   3.8E-6   1.06E-5   1.09E-5   2.61E-5   2.51E-5   5.13E-5   
83   1.0E-7   6.0E-7   1.3E-6   7.0E-7   3.7E-6   9.9E-6   1.56E-5   1.96E-5   3.6E-5   4.77E-5   
84   0.0   8.0E-7   5.0E-7   4.4E-6   3.2E-6   9.8E-6   1.76E-5   2.09E-5   2.79E-5   4.2E-5   
85   0.0   1.0E-7   4.0E-7   7.7E-6   6.3E-6   1.52E-5   1.39E-5   1.58E-5   2.93E-5   7.51E-5   
86   0.0   1.0E-6   1.5E-6   3.5E-6   6.4E-6   7.8E-6   1.63E-5   1.76E-5   3.41E-5   4.45E-5   
87   5.0E-7   7.0E-7   1.0E-7   2.8E-6   5.5E-6   7.5E-6   1.42E-5   1.34E-5   2.09E-5   5.04E-5   
88   0.0   9.0E-7   1.3E-6   1.7E-6   6.0E-6   9.2E-6   2.32E-5   2.14E-5   2.54E-5   3.92E-5   
89   0.0   1.7E-6   4.0E-7   1.6E-6   8.1E-6   1.36E-5   5.4E-6   2.13E-5   2.4E-5   2.34E-5   
90   0.0   2.0E-7   0.0   1.2E-6   1.6E-6   6.5E-6   1.15E-5   1.92E-5   1.82E-5   4.2E-5   
91   0.0   8.0E-7   1.0E-7   3.1E-6   5.4E-6   1.23E-5   1.05E-5   2.04E-5   3.25E-5   2.52E-5   
92   5.0E-7   0.0   1.3E-6   3.6E-6   3.8E-6   1.15E-5   1.49E-5   9.3E-6   1.17E-5   3.28E-5   
93   6.0E-7   4.0E-7   1.7E-6   2.6E-6   2.2E-6   5.3E-6   9.1E-6   2.54E-5   1.9E-5   2.69E-5   
94   0.0   0.0   1.1E-6   3.7E-6   1.7E-6   1.12E-5   6.4E-6   9.6E-6   2.08E-5   1.65E-5   
95   0.0   2.0E-7   4.0E-7   4.0E-7   6.9E-6   5.4E-6   1.33E-5   1.33E-5   2.47E-5   2.8E-5   
96   0.0   0.0   1.7E-6   3.0E-7   6.7E-6   6.1E-6   8.7E-6   1.09E-5   1.78E-5   3.52E-5   
97   0.0   2.0E-7   0.0   3.6E-6   5.6E-6   1.7E-6   3.7E-6   9.9E-6   2.32E-5   2.6E-5   
98   0.0   1.0E-7   1.1E-6   2.4E-6   3.2E-6   5.0E-6   8.4E-6   1.84E-5   1.59E-5   1.87E-5   
99   0.0   9.0E-7   7.0E-7   3.1E-6   1.5E-6   3.4E-6   5.3E-6   2.31E-5   1.67E-5   2.04E-5   
100   0.0   7.0E-7   1.4E-6   0.0   1.0E-6   7.3E-6   1.03E-5   7.2E-6   1.2E-5   1.02E-5   
101   3.0E-7   7.0E-7   4.0E-7   1.5E-6   2.4E-6   2.9E-6   1.29E-5   1.96E-5   1.56E-5   1.78E-5   
